#(
    1 [8 2]
    2 [1 4 6 3]
    3 [2 4 8 6 7]
    4 [1 3 7]
    5 [3 7 14 37]
    6 [2 12 26 7]
    7 []

    8 [3 13 12 4 37]
    9 [8 3 42 5 4 157 80]
    10 [8 3 21 29 11 31 16 33 58 63]
    11 []

    12 [8 44 3 14 28 31]
    13 [8 12 14 7 24 25 59 60 64 71 17 23 41 42 84 97 30 28]
    14 []
    15 []

    16 [3 11 34 20]
    17 [11 34 16 13 25 42 97]
    18 []
    19 []

    20 [11 16 23 34 92]
    21 [3 5 10 95 96 29 39 82 62]
    22 [11 12 14 16 9 97 103]
    23 []

    24 [66 59 134 171 176]
    25 [24 31 7 23 103]
    26 [12 14 66 35 40 41 44 57 65 70 75 79 83 84 85 86 153 154 155 156 187]
    27 [12 14 26 9 141]
    29 []

    28 [21 10 12 13 24 30 31 59 71 32 19 29]
    30 [14 31 52 100 12 13 15 28 29 61 33 120 36 41 43 44 47 65 84 85 87 88 90 93]
    31 [8 12 30 123 33 32 58 63 100 121]
    32 [10 31 19 100 52 87 54 97 244 46 48]
    33 [10 12 31 30 44 58 63 88 90 91]
    34 [16 11 40 9 39 41 30 119 92 20]
    35 [14 37 41 26 40 68 75 76 77 78]
    36 [14 30 29 39 38 37 100 55 51 121 123]
    37 [14 29 35 36 67 75 38 39 57 98 103 76 77 78 79]
    38 [37 29 36 52 109 75 76 77 78 23 103 95]
    39 [29 21 79 3 118 158 67 68 177]
    40 [14 26 35 155 75 18 86 156 177]
    41 [9 13 15 30 80 27 61 72 60 115 88 93 147]
    42 [9 41 13 15 17 106 122]
    43 [18 95 100 119 158 31 59 48 83]
    44 [12 8 14 45 30 61 123 81]
    45 [44 43 47 87 69 122 160 165]
    46 [19 32 101 87 212 244 100]
    47 [26 81 65 48 72 73 157 177 71]
    48 [14 37 13 15 41 79 38]
    49 [11 14 23 37 41 50 51 103 113 52]
    50 [23 49 54]
    51 [49 50 67 9 52 103 170 245 247]
    52 [23 49 51 30 31 120 55 121 54]
    53 [14 37 41 95 98 110 112]
    54 [23 52 55 244 61 92 93 103 174]
    55 [52 54 23 243 119 125]
    56 [11 49 52 110 119 59 173]
    57 [23 31 49 51 52 56 18 164 68 73 85 86 40 41 43 70 72 74 84]
    58 [31 33 61 63 69 93 100 244]
    59 [9 40 64 71 171 60 173]
    60 [14 41 13 15 59 171 106 173 66 70 72 74 94]
    61 []

    62 [21 61 66 12 125 134 158]
    63 [10 31 33 58 61 124 69 93 244]
    64 [24 25 15 59 100 71 31 66 119]
    65 [12 14 26 139 129 136 111 173 95]
    66 [26 24 53 134 64 171]
    67 [60 37 38 39 41 105 106 14 69 72 177 68 51]
    68 []

    69 [53 60 61 67 100 120 73 84 93 129 121 124 160 163 115 119 244 125 240]
    70 [26 14 66 67 59 171 241]
    71 [25 64 37 41 47 67 72 105 69 174 243]
    72 [41 47 95 144 71 101 165 241 243]
    73 [67 68 161 56 172 203 173 243]
    74 [67 79 51 60 86 178]
    75 [37 38 39 48 26 35 147 79 76 77 78 129 95]
    76 [75 37 136 137 79 129 143]
    77 [75 37 79 136 140]
    78 [75 76 77 79 139 144 180 183 188 189 155 154]
    79 [75 76 77 78 38 39 95 111]
    80 [9 42 41 82 95 81 83 148]
    81 [41 43 44 47 84 82 95 101 102 45 146 148]
    82 [41 80 81 21 95 100 158 101 102]
    83 [18 80 152 183 129 147 148 151]
    84 [26 18 83 72 147 157 95]
    85 [86 18 100 80 60 95 165]
    86 [57 68 18 95 101 73 79 75 129]
    87 [88 89 32 46 95 165 191 197 200]
    88 [14 30 61 165 150 250 125 243 244 95]
    89 [46 19 14 87 191 197 200 110 165 95]
    90 [15 31 33 179 181 190 95]
    91 [10 30 31 33 41 129 65 90 147 94 186 95]
    92 [20 53 69 121 150 93 241]
    93 [30 54 55 61 92 52 22 124 244 87]
    94 [34 62 69 88 100 101 150 160 188 241]
    95 [96 109 122 110 119 98 99 104 105 107 205]
    96 [95 21 99 116 104 105 171 117 118 213 205]
    97 [11 22 95 103 39 48 87 158 166 244 98 102 110 135 205]
    98 [95 96 53 67 100 99 101 114 115 102 110 120]
    99 [95 96 98 129 116 205]
    100 [31 32 52 38 39 43 46 95 98 55 123 102 158 140 164 165 166 167 119 121]
    101 [100 98 95 190 158 102 124 149 180 135 194 237 123]
    102 [98 110 112 130 149]
    103 [32 37 41 51 53 98 97 22 106 171 173]
    104 [95 96 98 171 105 106 169 172 107 109]
    105 [104 111 106 107 128 162 161]
    106 [105 107 183 171 173 174 114 122 160 115 118 121 163 172]
    107 [105 106 75 76 77 78 80 81 82 83 87 159 192 221 223 239 108 116 119 132 205]
    108 [95 107 106 115 119 163]
    109 [106 107 127 116 129]
    110 [104 105 107 98 102 130 112 97 113]
    111 [37 38 41 79 95 105 104 110 173 172 112 115 118 140]
    112 [53 102 110 111 134 173 135 174 130 127]
    113 [110 112 113 127 129 163 205 119 120 245 162]
    114 [104 105 106 176 124 61 140 49 51 60 67 7]
    115 [106 114 119 166 167 161 134 163 173 209 126]
    116 [95 96 99 107 209 118 117 190 205]
    117 [107 116 220 145 119 166 118 231 209]
    118 [117 107 116 220 140 166 167 161 244 163 177 245 246]
    119 [116 100 108 98 101 190 117 226 224 227 160 193 205 211]
    120 [95 107 106 119 36 52 98 102 110 171 241 245 126 121 247]
    121 [31 32 52 55 100 120 122 123 119 124 125 69 164]
    122 [95 107 106 119 121 124 21 160 140 166 125 158 164 165 242]
    123 [31 61 100 101 121 88 124 125 140 160 164 165 166]
    124 [31 61 69 100 101 121 120 119 163 174 241 243 122 92 93 88 150]
    125 [61 106 121 102 110 158 241 248 168]
    126 [61 67 115 121 124 125 114 120 62 63 64 69 71 171 243]
    127 [107 96 110 129 130 141 144 142 149 152]
    128 [105 127 161 163 236 138 162 199 157 183]
    129 [127 128 139 147 181 159 191 142 163 119 131 132]
    130 [102 110 112 113 140 130 166 242 135 159 237 202 142 201 191]
    131 [127 129 132 130 153 134 135 159 196]
    132 [131 101 98 152 183 159 179 180 197 198 163 166 222 194 237 191]
    133 [110 131 132 130 129 125 134 135 195 191]
    134 [112 130 132 133 120 221 135 180]
    135 [131 132 133 134 180 250 252]
    136 [75 76 77 127 185 159 187 138 189 144 191 224 198]
    137 [76 129 136 68 139 157 144 143 132 163]
    138 [127 136 137 128 143 187 188 238 180 221]
    139 [129 147 159 184 199 179 182 200 201 142 191]
    140 [129 142 111 51 100 169 243 173 193 163]
    141 [127 75 76 77 129 177 154 143 188 155 189 157 179 183 253 159 191]
    142 [127 130 242 149 129 132 139 151 137 140 152 179 136 141 176 146 150 191 134 180 181 185 241]
    143 [136 137 138 188 186 189 198 203 159 191]
    144 [127 129 136 137 138 143 159 238 173 71 178 191]
    145 [76 80 87 95 117 169 215 153 162]
    146 [80 82 127 129 183 148 159 190 226 152 149 147]
    147 [129 75 80 148 151 139 182]
    148 [80 146 82 129 83 158 152 183]
    149 [80 81 91 146 130 181 183 159 150 179 180 135 191]
    150 [34 47 81 82 164 180 88 165 176 94 71 159 191]
    151 [43 44 83 146 148 159 185 251 252 191]
    152 [127 146 148 191 159 183 192 185]
    153 [45 75 80 81 146 154 155 157 79 112 158 159 191]
    154 [75 76 141 153 185 188 157 158 191 205]
    155 [40 75 153 154 140 242 78 156 164 191 205]
    156 [75 155 141 26 157 140 165]
    157 [37 79 9 18 27 80 159 183 165 192 161 191]
    158 [153 154 156 157 80 81 148 76 77 78 100 102 118 161 125 195]
    159 [107 106 109 116 209 192 221 180 223 238]
    160 [159 107 106 124 167 119 163 166 168 161 162 125 164 241 242]
    161 [105 160 163 37 41 140 167 238 174 244 240]
    162 [105 128 161 113 145 178 198 159 173]
    163 [129 139 142 69 111 140 161 226 173 243 174 244 168 191 205]
    164 [51 61 100 101 180 236 238 246]
    165 [164 43 44 45 46 47 88 101 243 121 163]
    166 [160 119 118 100 140 163 167 193 226]
    167 [119 166 193 243 226 161 163 191]
    168 [160 119 140 166 167 130 163 169 215 248 247]
    169 [104 160 168 177 170 245 243]
    170 [67 111 171 176 120]
    171 [104 170 163 174 176 241 243]
    172 [169 171 175 176 71 245]
    173 [111 140 59 60 106 174 193 114 134]
    174 [163 171 175 170 120 106 112 121 226 247 238 246]
    175 [37 41 67 177 178 201 145 176 180]
    176 [172 161 3 59 241 238]
    177 [170 67 111 178 144]
    178 [170 177 37 74 144]
    179 [129 139 142 146 150 151 190 193 226 180 202 211 191]
    180 [130 134 159 164 179 222 202 221 223 231]
    181 [129 178 185 180]
    182 [147 139 252 250 251 202 200 201]
    183 [146 152 157 179 192 193 197 200 201 252 185 191]
    184 [139 199 197 200]
    185 [142 127 129 181 191 193 251 252 180]
    186 [136 137 138 143 187 188 179 180 189]
    187 [136 188 189 190 249 191]
    188 [143 186 187 141 190 197 200 221 193 189 191]
    189 [187 188 144 159 197 198 200 201 191]
    190 [219 145 191 213]
    191 [190 106 212 210 219 218 197 198 193 205]
    192 [159 190 191 221 239 222 223]
    193 [191 152 167 179 185 188 101 119 131 183 194 212 226 227 239 249]
    194 [101 130 131 132 135 142 193 239 237]
    195 [133 158 212 228 203 125]
    196 [131 142 135 224 198 225 249 237]
    197 [191 179 180 190 160 211 200 212 198 199 201 202 203 204]
    198 [183 189 196 136 141 197]
    199 [139 184 128 192 200 211 250]
    200 [197 139 183 145 201 211]
    201 [197 200 211 253]
    202 [142 130 179 180 197 211]
    203 [73 86 137 197 211 224]
    204 [197 190 198 211 219]
    205 [159 212 219 206 207 208]
    206 [205 191 190 207 213 227 225 210 219 209 220 212 217 216 218]
    207 [205 206 21 208 234 235]
    208 [205 206 207 216 217 218 219 220]
    209 [116 117 118 191 220 99 190 115 211]
    210 [206 190 209 205 180 139 129 220 219 217 213 233 212 211]
    211 [116 180 197 199 202 203 204 209 210 206 217 179 201 220 219 212]
    212 [209 210 205 208 206 213 219 220 214 216 217 226]
    213 [212 206 190 117 218 216]
    214 [212 213 104 168 216 215]
    215 [168 206 212 214 233 248 219]
    216 [214 213 226 207 218 219 217 227]
    217 [216 219 210 206 207 218 227]
    218 [206 213 216 207 208 235 234 248]
    219 [206 207 210 217 190 205 216 229 213 214 235 233]
    220 [118 219 217 117 209 205 206 207 116 106 231 232 234]
    221 [216 217 134 164 180 192 196 239 222 223]
    222 [221 134 180 192 201 225 236 245]
    223 [159 225 197 238 240 246]
    224 [102 110 131 196 221 225 249 237]
    225 [221 206 208 218 223 236 237 239]
    226 [212 69 119 163 166 167 174 216 227 243 245 251]
    227 [216 217 206 119 166 167 226 225 249]
    228 [133 195 206 207 208 219 233 248 179 203 198]
    229 [206 219 230 252]
    230 [218 219 229 202]
    231 [117 180 220 192 179 208 212 216 217 218 219 225 236 239]
    232 [118 220 168 249]
    233 [215 219 127 248 249 250]
    234 [218 220]
    235 [218 219 240]
    236 [180 192 221 239]
    237 [196 224 135 194 239 218]
    238 [221 223 246 244 250 239]
    239 [194 221 236 237 225 238 240]
    240 [235 234 216 217 219 225 249 250]
    241 [121 124 140 160 161 163 168 174 176 125 242 243]
    242 [241 119 160 161 168 130 155 242 243 245]
    243 [106 51 100 111 114 121 124 140 163 165 166 172 241 242 248 249 245]
    244 [118 119 140 163 166 174 180 103 238 249 250]
    245 [243 169 120 125 160 173]
    246 [174 238]
    247 [51 121 140 163 168 169 248]
    248 [168 207 233 243 247 250 249]
    249 [110 160 168 173 180 196 225 226 227 232 235 243 13 15 119 166 193 197 240 218 234 248 250 253]
    250 [207 233 235 240 249 252 244 248]
    251 [142 185 202 252]
    252 [179 183 129 130 146 182 185 251 250]
    253 []
)